{
 "cells": [
  {
   "cell_type": "markdown",
   "metadata": {},
   "source": [
    "# Problem set 2 \n",
    "\n",
    "## 155 pts\n",
    "\n",
    "## For problems 1, 2, 4: all functions that you are asked to implement, you have to complete in separate file ```pset2.py```, where we provide signatures of the required functions . Also only this ```py```-file you have to submit in the bot to check correctness of your implementations.\n",
    "\n",
    "## For problem 3: see instructions in text"
   ]
  },
  {
   "cell_type": "markdown",
   "metadata": {},
   "source": [
    "## Problem 1 (LU decomposition) 35 pts"
   ]
  },
  {
   "cell_type": "markdown",
   "metadata": {},
   "source": [
    "### 1. LU for band matrices \n",
    "\n",
    "The complexity to find an LU decomposition of a dense $n\\times n$ matrix is $\\mathcal{O}(n^3)$.\n",
    "Significant reduction in complexity can be achieved if the matrix has a certain structure, e.g. it is sparse. \n",
    "In the following task we consider an important example of $LU$ for a special type of sparse matrices –– band matrices with the bandwidth $m$ equal to 3 or 5 which called tridiagonal and pentadiagonal respectively.\n",
    "\n",
    "- (5 pts) Write a function ```band_lu(diag_broadcast, n)``` which computes LU decomposition for tridiagonal or pentadiagonal matrix with given diagonal values. \n",
    "For example, input parametres ```(diag_broadcast = [1,-2,1], n = 4)``` mean that we need to find LU decomposition for the triangular matrix of the form:\n",
    "\n",
    "$$A = \\begin{pmatrix}\n",
    "-2 & 1 & 0 & 0\\\\\n",
    "1 & -2 & 1 & 0 \\\\\n",
    "0 & 1 & -2 & 1 \\\\\n",
    "0 & 0 & 1 & -2 \\\\\n",
    "\\end{pmatrix}.$$\n",
    "\n",
    "As an output it is considered to make ```L``` and ```U``` - 2D arrays representing diagonals in factors $L$ (```L[0]``` keeps first lower diagonal, ```L[1]``` keeps second lower, ...), and $U$ (```U[:,0]``` keeps main diagonal, ```U[:,1]``` keeps first upper, ...). More details you can find in comments to the corresponding function in ```pset2.py``` \n",
    "- (2 pts) Compare execution time of the band LU decomposition using standard function from ```scipy```, i.e. which takes the whole matrix and does not know about its special structure, and band decomposition of yours implementation. Comment on the results."
   ]
  },
  {
   "cell_type": "code",
   "execution_count": 1,
   "metadata": {},
   "outputs": [],
   "source": [
    "# Implement function in the ```pset2.py``` file\n",
    "from pset2 import band_lu\n",
    "from scipy.sparse import diags # can be used with broadcasting of scalars if desired dimensions are large\n",
    "import numpy as np\n",
    "\n",
    "# Your code is here"
   ]
  },
  {
   "cell_type": "code",
   "execution_count": 2,
   "metadata": {},
   "outputs": [
    {
     "data": {
      "text/plain": [
       "array([[1., 0., 1., 0.],\n",
       "       [1., 2., 0., 2.],\n",
       "       [0., 2., 3., 0.],\n",
       "       [0., 0., 3., 4.]])"
      ]
     },
     "execution_count": 2,
     "metadata": {},
     "output_type": "execute_result"
    }
   ],
   "source": [
    "\n",
    "from scipy.sparse import diags\n",
    "diagonals = [[1, 2, 3, 4], [1, 2, 3], [1, 2]]\n",
    "diags(diagonals, [0, -1, 2]).toarray()"
   ]
  },
  {
   "cell_type": "code",
   "execution_count": 3,
   "metadata": {},
   "outputs": [
    {
     "data": {
      "text/plain": [
       "array([[-2.,  1.,  0.,  0.,  0.],\n",
       "       [ 1., -2.,  1.,  0.,  0.],\n",
       "       [ 0.,  1., -2.,  1.,  0.],\n",
       "       [ 0.,  0.,  1., -2.,  1.],\n",
       "       [ 0.,  0.,  0.,  1., -2.]])"
      ]
     },
     "execution_count": 3,
     "metadata": {},
     "output_type": "execute_result"
    }
   ],
   "source": [
    "import numpy as np\n",
    "d0=np.zeros(5)-2\n",
    "d=np.zeros(4)+1\n",
    "diag=[d0,d,d]\n",
    "diags(diag,[0,-1,1]).toarray()"
   ]
  },
  {
   "cell_type": "code",
   "execution_count": 6,
   "metadata": {},
   "outputs": [
    {
     "name": "stdout",
     "output_type": "stream",
     "text": [
      "L [[ 1.          0.          0.          0.          0.        ]\n",
      " [-0.5         1.          0.          0.          0.        ]\n",
      " [ 0.         -0.66666667  1.          0.          0.        ]\n",
      " [ 0.          0.         -0.75        1.          0.        ]\n",
      " [ 0.          0.          0.         -0.8         1.        ]] \n",
      "\n",
      "U [[-2.          1.          0.          0.          0.        ]\n",
      " [ 0.         -1.5         1.          0.          0.        ]\n",
      " [ 0.          0.         -1.33333333  1.          0.        ]\n",
      " [ 0.          0.          0.         -1.25        1.        ]\n",
      " [ 0.          0.          0.          0.         -1.2       ]] \n",
      "\n"
     ]
    }
   ],
   "source": [
    "band_lu((1,-2,1),5)\n",
    "L,U=band_lu((1,-2,1),5)\n",
    "print('L',L,\"\\n\")\n",
    "print('U',U,\"\\n\")"
   ]
  },
  {
   "cell_type": "code",
   "execution_count": null,
   "metadata": {},
   "outputs": [],
   "source": [
    "from scipy.linalg import lu\n",
    "diag_brodcast=[1,-2,1]\n",
    "N=1000\n"
   ]
  },
  {
   "cell_type": "markdown",
   "metadata": {},
   "source": [
    "### 2. Completing the proof of existence of LU \n",
    "\n",
    "Some details in lecture proofs about $LU$ were omitted. Let us complete them here.\n",
    "- (5 pts) Prove that if $LU$ decomposition exists, then matrix is strictly regular.\n",
    "- (5 pts) Prove that if $A$ is a strictly regular matrix, then $A_1 = D - \\frac 1a b c^T$ (see lectures for notations) is also strictly regular."
   ]
  },
  {
   "cell_type": "markdown",
   "metadata": {},
   "source": [
    "# Your solution is here\n",
    "**1)  Prove that  if LU decomposition exists, then matrix is strictly regular.**\n",
    "**Proof**\n",
    "We can make LU decomposition if, we can solve linear system. The solution exists iff $\\det A \\ne 0$ or matrix $A$ has full rank.\n",
    "$A=LU$ where $U$-upper triangular matrix and $L$ lower triangular matrix.\n",
    "\n",
    "$A = \\begin{pmatrix} A_{11} & A_{12}\\\\ \n",
    "A_{21} & A_{22}\\end{pmatrix} = \\begin{pmatrix} L_{11} & O\n",
    "\\\\ L_{21} & L_{22}\\end{pmatrix} \\begin{pmatrix} U_{11} & U_{12}\n",
    "\\\\ O & A_{22}\\end{pmatrix}$\n",
    "\n",
    "determenant of $L$ and $U$ are not equal $0$, if their diagonal elements are not equal $0$\n",
    "\n",
    "  Matrix A is stricly regular if, all of its principal minors(submatrices in the first k rows and k kolumns) are not singular.\n",
    "  \n",
    "  $det(A_{11}) = det(L_{11}U_{11}) = det(L_{11})det(U_{11}) \\neq 0 $\n",
    "  \n",
    "  **End of proof**\n",
    "  \n",
    " **Prove that if $A$ is a strictly regular matrix, then $A_1 = D - \\frac 1a b c^T$ (see lectures for notations) is also strictly regular.**\n",
    " \n",
    " **Proof**\n",
    "\n",
    "  If LU-decomposition exist, the matrix is stricly regular. This follows from the fact that to get a minor you multiply a corresponding submatrix of $L$ by a corresponding submatrix of $U$.     \n",
    "  Suppose that we know that for all $(n-1)\\times(n-1)$ matrices will no-singular minors $LU$ decomposition exists.\n",
    "  \n",
    "  Then consider the block form:\n",
    "  $$\n",
    "    A = \\begin{pmatrix}\n",
    "          a & c^{\\top} \\\\\n",
    "          b & D\n",
    "    \\end{pmatrix},\n",
    "$$\n",
    "\n",
    "where $D$ is $(n-1) \\times (n-1)$, $detA\\neq0$, and a is first principal minor and $a\\neq0$\n",
    "\n",
    "in order to show  $A_1= D - \\frac 1a b c^T$, lets make \"block elimination\":\n",
    "$$\n",
    "     \\begin{pmatrix}\n",
    "     1 & 0 \\\\\n",
    "     -z & I\n",
    "     \\end{pmatrix}\n",
    "     \\begin{pmatrix}\n",
    "     a & c^{\\top} \\\\\n",
    "     b & D \n",
    "     \\end{pmatrix}=\n",
    "     \\begin{pmatrix}\n",
    "     a & c^{\\top} \\\\\n",
    "     0 & A_1\n",
    "     \\end{pmatrix},\n",
    "$$\n",
    "\n",
    "where $z = \\frac{b}{a}, \\quad A_1 = D - \\frac{1}{a} b c^{\\top}$. \n",
    "\n",
    "$detA=det(aD-bc^T)=a*det(D-1/abc^T)=adetA_1\\neq0$ It is mean that $detA_1\\neq0$\n",
    "\n",
    "By contradiction:\n",
    "Let $\\exists k \\in 1,..n $ : $k$-th principal minor of $A_{11}$ and it  is singular.\n",
    "\n",
    "$\n",
    "    A^k =  \\begin{pmatrix}\n",
    "          a & c^{ k \\top} \\\\\n",
    "          b^{k} & D^{k}\n",
    "    \\end{pmatrix}\n",
    "$\n",
    " $k$-th principal minor of $A$, non-singular.\n",
    " \n",
    " $det (A^k) \\neq 0 =  det(aD^{k} - c^{ k \\top}b^{k} ) = a det(D^{k} - \\frac{1}{a}c^{ k \\top}b^{k}) = det(A_{11}^k) $\n",
    " \n",
    " $ det(A_{11}^k) \\neq 0 $\n",
    " \n",
    " The assumption is wrong  => $A_1$ is  strictly regular."
   ]
  },
  {
   "cell_type": "markdown",
   "metadata": {},
   "source": [
    "### 3. Stability of LU \n",
    "\n",
    "Let\n",
    "$A = \\begin{pmatrix}\n",
    "\\varepsilon & 1 & 0\\\\\n",
    "1 & 1 & 1 \\\\\n",
    "0 & 1 & 1\n",
    "\\end{pmatrix}.$ \n",
    "* (5 pts) Find analytically LU decomposition with and without pivoting for the matrix $A$.\n",
    "* (3 pts) Explain, why can the LU decomposition fail to approximate factors $L$ and $U$ for $|\\varepsilon|\\ll 1$ in computer arithmetic?"
   ]
  },
  {
   "cell_type": "markdown",
   "metadata": {},
   "source": [
    "**3.1) Find analytically LU decomposition with and without pivoting for the matrix $A$**\n",
    "\n",
    "*without pivoting*\n",
    "\n",
    "$A = \\begin{pmatrix}\n",
    "\\varepsilon & 1 & 0\\\\\n",
    "1 & 1 & 1 \\\\\n",
    "0 & 1 & 1\n",
    "\\end{pmatrix}.$ \n",
    "\n",
    "$A=LU=\\begin{pmatrix} \n",
    "    1 & 0 & 0 \\\\ \n",
    "    l_{21} & 1 & 0 \\\\ \n",
    "    l_{31} & l_{32} & 1 \\\\     \n",
    "    \\end{pmatrix}  \\begin{pmatrix} \n",
    "    u_{11} & u_{12} & u_{13} \\\\ \n",
    "    0 & u_{22} & u_{23} \\\\ \n",
    "    0 & 0 & u_{33} \\\\     \n",
    "    \\end{pmatrix} = \\begin{pmatrix} \n",
    "    u_{11} & u_{12} & u_{13}\\\\ \n",
    "    u_{11}l_{21} & u_{12}l_{21}+u_{22} & u_{13}l_{21}+u_{23} \\\\ \n",
    "    u_{11}l_{31} & u_{12}l_{31} + u_{22}l_{32} & u_{13}l_{31}+u_{23}l_{32}+u_{33} \\\\     \n",
    "    \\end{pmatrix}=\\begin{pmatrix}\n",
    "    \\varepsilon & 1 & 0\\\\\n",
    "    1 & 1 & 1 \\\\\n",
    "    0 & 1 & 1\\\\\n",
    "    \\end{pmatrix}.$ \n",
    "    \n",
    "\n",
    "So, now lets calculate:\n",
    "\n",
    "$u_{11}=\\varepsilon,u_{12}=1,u_{13}=0$\n",
    "\n",
    "$l_{21}= \\frac{1}{\\varepsilon}$ because $u_{11}l_{21}=1$\n",
    "\n",
    "$u_{12}l_{21}+u_{22} = \\frac{1}{\\varepsilon} + u_{22} = 1$ => $u_{22} = 1 - \\frac{1}{\\varepsilon}$\n",
    "\n",
    "$u_{13}l_{21}+u_{23} = u_{23} = 1$\n",
    "\n",
    "$u_{11}l_{31} = 0$ => $l_{31} = 0$\n",
    "\n",
    "$u_{12}l_{31} + u_{22}l_{32} = u_{22}l_{32}  = (1-\\frac{1}{\\varepsilon}) l_{32} = 1$ => $l_{32} = \\frac{\\varepsilon}{\\varepsilon-1}$\n",
    "\n",
    "$u_{13}l_{31}+u_{23}l_{32}+u_{33} = u_{23}l_{32}+u_{33} = \\frac{\\varepsilon}{\\varepsilon-1} + u_{33} = 1$ => $u_{33} = -\\frac{1}{\\varepsilon-1}$\n",
    "\n",
    "\n",
    "$\\begin{pmatrix}\n",
    "    \\varepsilon & 1 & 0\\\\\n",
    "    1 & 1 & 1 \\\\\n",
    "    0 & 1 & 1\n",
    "    \\end{pmatrix} = \\begin{pmatrix}\n",
    "    1 & 0 & 0\\\\\n",
    "    \\frac{1}{\\varepsilon} & 1 & 0 \\\\\n",
    "    0 & \\frac{\\varepsilon}{\\varepsilon-1} & 1\n",
    "    \\end{pmatrix} \\begin{pmatrix}\n",
    "    \\varepsilon & 1 & 0\\\\\n",
    "    0 & \\frac{\\varepsilon-1}{\\varepsilon} & 1 \\\\\n",
    "    0 & 0 & -\\frac{1}{\\varepsilon-1}\n",
    "    \\end{pmatrix}$\n",
    "  \n",
    "  *with pivoting*\n",
    "  For LU decomposition we will swap 1st and 2nd raw of our matrix in order to $$\n",
    "  p=\\frac{\\max_{i,j}u_{i,j}}{\\max_{i,j}|a_{i,j}}\n",
    "  $$\n",
    "  \n",
    "  in this way new matrix $A$ will be  $A=\\begin{pmatrix}\n",
    "                                            1 & 1 & 1 \\\\\n",
    "                                            \\varepsilon & 1 & 0\\\\\n",
    "                                            0 & 1 & 1\n",
    "                                            \\end{pmatrix}$\n",
    " and permutatiom matrix $P=\\begin{pmatrix}\n",
    "                                                        0 & 1 & 0\\\\\n",
    "                                                        1 & 0 & 0 \\\\\n",
    "                                                        0 & 0 & 1\n",
    "                                                        \\end{pmatrix}$\n",
    "                                                        \n",
    "now lets calculate matrices $L$ and $U$\n",
    "\n",
    "$U=\\begin{pmatrix}    \n",
    "    1 & 1& 1 \\\\\n",
    "     0 & 1-\\varepsilon & -\\varepsilon\\\\\n",
    "       0 & 1 & 1\n",
    "     \\end{pmatrix}=\n",
    "     \\begin{pmatrix}    \n",
    "    1 & 1 & 1 \\\\\n",
    "      0 & 1-\\varepsilon & -\\varepsilon\\\\\n",
    "       0 & 0 & \\frac{1}{1-\\varepsilon} \n",
    "     \\end{pmatrix}$\n",
    "\n",
    "$L=\\begin{pmatrix}    \n",
    "    1 & 0 & 0 \\\\\n",
    "     0 & 1 & 0\\\\\n",
    "       0 & \\frac{1}{1-\\varepsilon} & 1\n",
    "     \\end{pmatrix}=\n",
    "     \\begin{pmatrix}    \n",
    "    1 & 0 & 0 \\\\\n",
    "     \\varepsilon& 1 & 0\\\\\n",
    "       0 & \\frac{1}{1-\\varepsilon} & 1\n",
    "     \\end{pmatrix}$\n",
    "  \n",
    "**3.2) Explain, why can the LU decomposition fail to approximate factors $L$ and $U$ for $|\\varepsilon|\\ll 1$ in computer arithmetic?** \n",
    "\n",
    "$L_{21}=\\frac{1}{\\varepsilon}$, if $|\\varepsilon|\\ll 1$, that's means that\n",
    "$L_{21} \\rightarrow \\infty$, it is mean, that we need a lot of memory to compute it, this is fail.\n",
    "  "
   ]
  },
  {
   "cell_type": "markdown",
   "metadata": {},
   "source": [
    "### 4. Block LU \n",
    "\n",
    "Let $A = \\begin{bmatrix} A_{11} & A_{12} \\\\ A_{21} & A_{22} \\end{bmatrix}$ be a block matrix. The goal is to solve the linear system\n",
    "\n",
    "$$\n",
    "     \\begin{bmatrix} A_{11} & A_{12} \\\\ A_{21} & A_{22} \\end{bmatrix} \\begin{bmatrix} u_1 \\\\ u_2 \\end{bmatrix} = \\begin{bmatrix} f_1 \\\\ f_2 \\end{bmatrix}.\n",
    "$$\n",
    "\n",
    "* (2 pts) Using block elimination find matrix $S$ and right-hand side $\\hat{f_2}$ so that $u_2$ can be found from $S u_2 = \\hat{f_2}$. Note that the matrix $S$ is called <font color='red'> Schur complement </font> of the block $A_{11}$.\n",
    "* (4 pts) Using Schur complement properties prove that \n",
    "\n",
    "$$\\det(X+AB) = \\det(X)\\det(I+BX^{-1}A), $$\n",
    "\n",
    "\n",
    "where $X$ - nonsingular square matrix.\n",
    "* (4 pts) Let matrix $F \\in \\mathbb{R}^{m \\times n}$ and $G \\in \\mathbb{R}^{n \\times m}$. Prove that \n",
    "\n",
    "$$\\det(I_m - FG) = \\det(I_n - GF).$$"
   ]
  },
  {
   "cell_type": "markdown",
   "metadata": {},
   "source": [
    "# Your solution is here\n",
    "**1) pts) Using block elimination find matrix $S$ and right-hand side $\\hat{f_2}$ so that $u_2$ can be found from $S u_2 = \\hat{f_2}$. Note that the matrix $S$ is called  Schur complement  of the block $A_{11}$.**\n",
    "\n",
    "$$\n",
    "    \\begin{bmatrix} I & 0 \\\\ -A_{21}A_{11}^{-1} &I \\end{bmatrix}  \\begin{bmatrix} A_{11} & A_{12} \\\\ A_{21} & A_{22} \\end{bmatrix} \\begin{bmatrix} u_1 \\\\ u_2 \\end{bmatrix} = \\begin{bmatrix} I & 0 \\\\ -A_{21}A_{11}^{-1} &I \\end{bmatrix}  \\begin{bmatrix} f_1 \\\\ f_2 \\end{bmatrix}.\n",
    "$$\n",
    "\n",
    "$$\n",
    "     \\begin{bmatrix} A_{11} & A_{12} \\\\ 0 & A_{22}- A_{21}A_{11}^{-1}A_{12} \\end{bmatrix} \\begin{bmatrix} u_1 \\\\ u_2 \\end{bmatrix} =  \\begin{bmatrix} f_1 \\\\ - A_{21}A_{11}^{-1}f_1 + f_2 \\end{bmatrix}.\n",
    "$$\n",
    "\n",
    "$S = A_{22}- A_{21}A_{11}^{-1}A_{12}$\n",
    "\n",
    "$\\hat{f_2} = f_2 - A_{21}A_{11}^{-1}f_1  $\n",
    "\n",
    "**2)Using block elimination find matrix $S$ and right-hand side $\\hat{f_2}$ so that $u_2$ can be found from $S u_2 = \\hat{f_2}$. Note that the matrix $S$ is called <font color='red'> Schur complement </font> of the block $A_{11}$.**\n",
    "* (4 pts) Using Schur complement properties prove that \n",
    "\n",
    "$$\\det(X+AB) = \\det(X)\\det(I+BX^{-1}A), $$\n",
    "\n",
    "**Proof**\n",
    "\n",
    "\n",
    "$\\begin{bmatrix} X & A \\\\-B &I \\end{bmatrix}$\n",
    "\n",
    "We can use property of determinant of triangular matrix\n",
    "\n",
    "$det\\begin{bmatrix} X & A \\\\-B &I \\end{bmatrix}=det\\begin{bmatrix} X & A \\\\0 &I+BX^{-1}A \\end{bmatrix}=det(X)det(I+BX^{-1}A)$\n",
    "\n",
    "Also we know the determinant didnt change if we made elementary transformations, it is mean that:\n",
    "\n",
    "$det\\begin{bmatrix} X & A \\\\-B &I \\end{bmatrix}=det\\begin{bmatrix} AB+X & 0 \\\\-B &I \\end{bmatrix}=det(X+AB)$\n",
    "\n",
    "So, $$\\det(X+AB) = \\det(X)\\det(I+BX^{-1}A), $$  **end of proof**\n",
    "\n",
    "**3)Let matrix $F \\in \\mathbb{R}^{m \\times n}$ and $G \\in \\mathbb{R}^{n \\times m}$. Prove that **\n",
    "\n",
    "$$\\det(I_m - FG) = \\det(I_n - GF).$$\n",
    "\n",
    "**Proof**\n",
    "\n",
    "Using preivius statement\n",
    "$det\\begin{bmatrix} I_m & F \\\\G &I_n \\end{bmatrix}=det(I_m)det(I_n-GI_m^-1F)=det(I_n-GF)$\n",
    "\n",
    "but also,\n",
    "\n",
    "$det\\begin{bmatrix} I_m & F \\\\G &I_n \\end{bmatrix}=det(I_n)det(I_m-FI^{-1}G)=det(I_m-FG)$\n",
    "\n",
    "it is mean that\n",
    "\n",
    "$\\det(I_m - FG) = \\det(I_n - GF).$"
   ]
  },
  {
   "cell_type": "markdown",
   "metadata": {},
   "source": [
    "## Problem 2 (QR decomposition) 30 pts\n",
    "\n",
    "### 1. Standard Gram-Schmidt algorithm\n",
    "Our goal is to orthogonalize a system of linearly independent vectors $v_1,\\dots,v_n$.\n",
    "The standard algorithm for this task is the Gram-Schmidt process:\n",
    "\n",
    "$$\n",
    "\\begin{split}\n",
    "u_1 &= v_1, \\\\\n",
    "u_2 &= v_2 - \\frac{(v_2, u_1)}{(u_1, u_1)} u_1, \\\\\n",
    "\\dots \\\\\n",
    "u_n &= v_n - \\frac{(v_n, u_1)}{(u_1, u_1)} u_1 - \\frac{(v_n, u_2)}{(u_2, u_2)} u_2 - \\dots - \\frac{(v_n, u_{n-1})}{(u_{n-1}, u_{n-1})} u_{n-1}.\n",
    "\\end{split}\n",
    "$$\n",
    "\n",
    "Obtained $u_1, \\dots, u_n$ are orthogonal vectors in exact arithmetics. Then to make the system orthonormal you should divide each of the vectors by its norm: $u_i := u_i/\\|u_i\\|$.\n",
    "The Gram-Schmidt process can be considered as a QR decomposition. Let us show that."
   ]
  },
  {
   "cell_type": "markdown",
   "metadata": {},
   "source": [
    "* (2 pts) Write out what is matrices $Q$ and $R$ obtained in the process above. \n",
    "\n",
    "* (5 pts) Implement in the ```pset2.py``` the described Gram-Schmidt algorithm as a function ```gram_schmidt_qr(A)``` that takes a rectangular matrix ```A``` and outputs ```Q,R```.\n",
    "\n",
    "* (3 pts) Create a square [Vandermonde matrix](https://en.wikipedia.org/wiki/Vandermonde_matrix) $V\\in\\mathbb{R}^{n\\times n},\\ n = 20$ defined by the vector $x$: ```x = np.linspace(0,1,n)``` (components of $x$ are spaced uniformly between 0 and 1). \n",
    "The loss of orthogonality can be described by the following error: $\\|Q^{\\top}Q-I\\|_2$, where $Q^{\\top}Q$ is called a Gram matrix. Compute QR decomposition of the created matrix $V$ with function that you have implemented and calculate error $\\|Q^{\\top}Q-I\\|_2$. Comment on the result.\n",
    "\n",
    "* (5 pts) The observed loss of orthogonality is a problem of this particular algorithm. Luckily, there is [a simple improvement to the algorithm above](https://en.wikipedia.org/wiki/Gram–Schmidt_process#Numerical_stability) that reduces the loss of orthogonality. Implement this modification in the ```pset2.py``` as a function ```modified_gram_schmidt_qr(A)``` such that input and output are similar to ```gram_schmidt_qr(A)```. \n",
    "* (3 pts) Compute QR decomposition of the matrix $V$ from the previous task with the function ```modified_gram_schmidt_qr(A)```.\n",
    "Compute error $\\|Q^{\\top}Q-I\\|_2$. Compare this error to the error obtained with a \"pure\" Gram-Schmidt and comment on the result."
   ]
  },
  {
   "cell_type": "markdown",
   "metadata": {},
   "source": [
    "**Write out what is matrices $Q$ and $R$ obtained in the process above. **\n",
    "$A = QR$\n",
    "\n",
    "$\n",
    "    A =  \\begin{pmatrix}\n",
    "          v_1\\\\\n",
    "          v_2\\\\\n",
    "          ...\\\\\n",
    "          v_n\n",
    "    \\end{pmatrix}\n",
    "$\n",
    "\n",
    "$\n",
    "    Q =  \\begin{pmatrix}\n",
    "          u_1 & u_2 & ... & u_n\n",
    "    \\end{pmatrix}\n",
    "$\n",
    "\n",
    "$\n",
    "    R =  \\begin{pmatrix}\n",
    "          1 & \\frac{(v_2,u_1)}{(u_1, u_1)} & ... & \\frac{(v_n,u_1)}{(u_1, u_1)}\\\\\n",
    "          0 & 1 & ... & \\frac{(v_n,u_2)}{(u_2, u_2)}\\\\\n",
    "          ...\\\\\n",
    "          0 & 0 & ... & \\frac{(v_n,u_{n-1})}{(u_{n-1}, u_{n-1})}\\\\\n",
    "          0 & 0 & ... & 1\n",
    "    \\end{pmatrix}\n",
    "$"
   ]
  },
  {
   "cell_type": "code",
   "execution_count": 7,
   "metadata": {},
   "outputs": [
    {
     "name": "stdout",
     "output_type": "stream",
     "text": [
      "Gram matrix [[ 1.00000000e+00 -7.71605002e-15 -9.99999369e-01 -9.99878517e-01\n",
      "  -9.99747620e-01 -9.99627056e-01 -9.99511814e-01 -9.99399247e-01\n",
      "  -9.99287711e-01 -9.99175992e-01 -9.99063079e-01 -9.98948047e-01\n",
      "  -9.98829986e-01 -9.98707933e-01 -9.98580796e-01 -9.98447201e-01\n",
      "  -9.98305170e-01 -9.98151074e-01 -9.97974642e-01 -9.97690535e-01]\n",
      " [-7.71605002e-15  1.00000000e+00  1.53765889e-14 -1.55058181e-02\n",
      "  -2.23804216e-02 -2.72134582e-02 -3.11363001e-02 -3.45372689e-02\n",
      "  -3.76013433e-02 -4.04343055e-02 -4.31040589e-02 -4.56579150e-02\n",
      "  -4.81310270e-02 -5.05509885e-02 -5.29405665e-02 -5.53194535e-02\n",
      "  -5.77054689e-02 -6.01154259e-02 -6.25656255e-02 -6.50683058e-02]\n",
      " [-9.99999369e-01  1.53765889e-14  1.00000000e+00  9.99879669e-01\n",
      "   9.99749182e-01  9.99628977e-01  9.99514075e-01  9.99401841e-01\n",
      "   9.99290641e-01  9.99179271e-01  9.99066724e-01  9.98952084e-01\n",
      "   9.98834447e-01  9.98712861e-01  9.98586238e-01  9.98453221e-01\n",
      "   9.98311844e-01  9.98158494e-01  9.97982926e-01  9.97699828e-01]\n",
      " [-9.99878517e-01 -1.55058181e-02  9.99879669e-01  1.00000000e+00\n",
      "   9.99976294e-01  9.99931195e-01  9.99877276e-01  9.99817931e-01\n",
      "   9.99754398e-01  9.99687117e-01  9.99616137e-01  9.99541279e-01\n",
      "   9.99462187e-01  9.99378340e-01  9.99289011e-01  9.99193151e-01\n",
      "   9.99089078e-01  9.98973450e-01  9.98836286e-01  9.98592488e-01]\n",
      " [-9.99747620e-01 -2.23804216e-02  9.99749182e-01  9.99976294e-01\n",
      "   1.00000000e+00  9.99988261e-01  9.99961437e-01  9.99925599e-01\n",
      "   9.99883259e-01  9.99835586e-01  9.99783101e-01  9.99725951e-01\n",
      "   9.99664025e-01  9.99596995e-01  9.99524295e-01  9.99445017e-01\n",
      "   9.99357606e-01  9.99258845e-01  9.99138878e-01  9.98912714e-01]\n",
      " [-9.99627056e-01 -2.72134582e-02  9.99628977e-01  9.99931195e-01\n",
      "   9.99988261e-01  1.00000000e+00  9.99992251e-01  9.99972963e-01\n",
      "   9.99945548e-01  9.99911687e-01  9.99872233e-01  9.99827564e-01\n",
      "   9.99777741e-01  9.99722574e-01  9.99661610e-01  9.99594040e-01\n",
      "   9.99518404e-01  9.99431575e-01  9.99323785e-01  9.99110129e-01]\n",
      " [-9.99511814e-01 -3.11363001e-02  9.99514075e-01  9.99877276e-01\n",
      "   9.99961437e-01  9.99992251e-01  1.00000000e+00  9.99994162e-01\n",
      "   9.99978878e-01  9.99956248e-01  9.99927391e-01  9.99892873e-01\n",
      "   9.99852900e-01  9.99807390e-01  9.99755984e-01  9.99697957e-01\n",
      "   9.99631926e-01  9.99554837e-01  9.99457001e-01  9.99253588e-01]\n",
      " [-9.99399247e-01 -3.45372689e-02  9.99401841e-01  9.99817931e-01\n",
      "   9.99925599e-01  9.99972963e-01  9.99994162e-01  1.00000000e+00\n",
      "   9.99995248e-01  9.99982370e-01  9.99962717e-01  9.99937022e-01\n",
      "   9.99905610e-01  9.99868498e-01  9.99825410e-01  9.99775694e-01\n",
      "   9.99718033e-01  9.99649445e-01  9.99560310e-01  9.99365867e-01]\n",
      " [-9.99287711e-01 -3.76013433e-02  9.99290641e-01  9.99754398e-01\n",
      "   9.99883259e-01  9.99945548e-01  9.99978878e-01  9.99995248e-01\n",
      "   1.00000000e+00  9.99995923e-01  9.99984581e-01  9.99966854e-01\n",
      "   9.99943177e-01  9.99913659e-01  9.99878097e-01  9.99835906e-01\n",
      "   9.99785836e-01  9.99724966e-01  9.99643747e-01  9.99457491e-01]\n",
      " [-9.99175992e-01 -4.04343055e-02  9.99179271e-01  9.99687117e-01\n",
      "   9.99835586e-01  9.99911687e-01  9.99956248e-01  9.99982370e-01\n",
      "   9.99995923e-01  1.00000000e+00  9.99996361e-01  9.99986021e-01\n",
      "   9.99969521e-01  9.99947053e-01  9.99918484e-01  9.99883295e-01\n",
      "   9.99840297e-01  9.99786633e-01  9.99712826e-01  9.99534264e-01]\n",
      " [-9.99063079e-01 -4.31040589e-02  9.99066724e-01  9.99616137e-01\n",
      "   9.99783101e-01  9.99872233e-01  9.99927391e-01  9.99962717e-01\n",
      "   9.99984581e-01  9.99996361e-01  1.00000000e+00  9.99996646e-01\n",
      "   9.99986937e-01  9.99971145e-01  9.99949208e-01  9.99920667e-01\n",
      "   9.99884399e-01  9.99837613e-01  9.99770905e-01  9.99599754e-01]\n",
      " [-9.98948047e-01 -4.56579150e-02  9.98952084e-01  9.99541279e-01\n",
      "   9.99725951e-01  9.99827564e-01  9.99892873e-01  9.99937022e-01\n",
      "   9.99966854e-01  9.99986021e-01  9.99996646e-01  1.00000000e+00\n",
      "   9.99996820e-01  9.99987454e-01  9.99971908e-01  9.99949790e-01\n",
      "   9.99920039e-01  9.99879940e-01  9.99820173e-01  9.99656327e-01]\n",
      " [-9.98829986e-01 -4.81310270e-02  9.98834447e-01  9.99462187e-01\n",
      "   9.99664025e-01  9.99777741e-01  9.99852900e-01  9.99905610e-01\n",
      "   9.99943177e-01  9.99969521e-01  9.99986937e-01  9.99996820e-01\n",
      "   1.00000000e+00  9.99996903e-01  9.99987606e-01  9.99971785e-01\n",
      "   9.99948451e-01  9.99914969e-01  9.99862128e-01  9.99705660e-01]\n",
      " [-9.98707933e-01 -5.05509885e-02  9.98712861e-01  9.99378340e-01\n",
      "   9.99596995e-01  9.99722574e-01  9.99807390e-01  9.99868498e-01\n",
      "   9.99913659e-01  9.99947053e-01  9.99971145e-01  9.99987454e-01\n",
      "   9.99996903e-01  1.00000000e+00  9.99996894e-01  9.99987335e-01\n",
      "   9.99970416e-01  9.99943607e-01  9.99897835e-01  9.99749043e-01]\n",
      " [-9.98580796e-01 -5.29405665e-02  9.98586238e-01  9.99289011e-01\n",
      "   9.99524295e-01  9.99661610e-01  9.99755984e-01  9.99825410e-01\n",
      "   9.99878097e-01  9.99918484e-01  9.99949208e-01  9.99971908e-01\n",
      "   9.99987606e-01  9.99996894e-01  1.00000000e+00  9.99996760e-01\n",
      "   9.99986369e-01  9.99966432e-01  9.99928082e-01  9.99787602e-01]\n",
      " [-9.98447201e-01 -5.53194535e-02  9.98453221e-01  9.99193151e-01\n",
      "   9.99445017e-01  9.99594040e-01  9.99697957e-01  9.99775694e-01\n",
      "   9.99835906e-01  9.99883295e-01  9.99920667e-01  9.99949790e-01\n",
      "   9.99971785e-01  9.99987335e-01  9.99996760e-01  1.00000000e+00\n",
      "   9.99996387e-01  9.99983724e-01  9.99953477e-01  9.99822549e-01]\n",
      " [-9.98305170e-01 -5.77054689e-02  9.98311844e-01  9.99089078e-01\n",
      "   9.99357606e-01  9.99518404e-01  9.99631926e-01  9.99718033e-01\n",
      "   9.99785836e-01  9.99840297e-01  9.99884399e-01  9.99920039e-01\n",
      "   9.99948451e-01  9.99970416e-01  9.99986369e-01  9.99996387e-01\n",
      "   1.00000000e+00  9.99995337e-01  9.99974471e-01  9.99855624e-01]\n",
      " [-9.98151074e-01 -6.01154259e-02  9.98158494e-01  9.98973450e-01\n",
      "   9.99258845e-01  9.99431575e-01  9.99554837e-01  9.99649445e-01\n",
      "   9.99724966e-01  9.99786633e-01  9.99837613e-01  9.99879940e-01\n",
      "   9.99914969e-01  9.99943607e-01  9.99966432e-01  9.99983724e-01\n",
      "   9.99995337e-01  1.00000000e+00  9.99991078e-01  9.99890168e-01]\n",
      " [-9.97974642e-01 -6.25656255e-02  9.97982926e-01  9.98836286e-01\n",
      "   9.99138878e-01  9.99323785e-01  9.99457001e-01  9.99560310e-01\n",
      "   9.99643747e-01  9.99712826e-01  9.99770905e-01  9.99820173e-01\n",
      "   9.99862128e-01  9.99897835e-01  9.99928082e-01  9.99953477e-01\n",
      "   9.99974471e-01  9.99991078e-01  1.00000000e+00  9.99934275e-01]\n",
      " [-9.97690535e-01 -6.50683058e-02  9.97699828e-01  9.98592488e-01\n",
      "   9.98912714e-01  9.99110129e-01  9.99253588e-01  9.99365867e-01\n",
      "   9.99457491e-01  9.99534264e-01  9.99599754e-01  9.99656327e-01\n",
      "   9.99705660e-01  9.99749043e-01  9.99787602e-01  9.99822549e-01\n",
      "   9.99855624e-01  9.99890168e-01  9.99934275e-01  1.00000000e+00]]\n",
      "error 17.994332127262897\n"
     ]
    }
   ],
   "source": [
    "# Implement the functions in the ```pset2.py``` file\n",
    "from pset2 import gram_schmidt_qr\n",
    "from pset2 import modified_gram_schmidt_qr\n",
    "x=np.linspace(0,1,20)\n",
    "V=np.vander(x)\n",
    "gram_schmidt_qr(V)\n",
    "Q, R = gram_schmidt_qr(V)\n",
    "G=Q.T@Q\n",
    "error=np.linalg.norm(G-np.identity(G.shape[0]),2)\n",
    "print('Gram matrix',G)\n",
    "print('error',error)\n",
    "\n",
    "\n",
    "    \n",
    "\n",
    "# Your code is here"
   ]
  },
  {
   "cell_type": "markdown",
   "metadata": {},
   "source": [
    "We can see such $error=17.99$ because we have loss of orthogonality"
   ]
  },
  {
   "cell_type": "code",
   "execution_count": 8,
   "metadata": {},
   "outputs": [
    {
     "name": "stdout",
     "output_type": "stream",
     "text": [
      "Gram matrix [[ 1.00000000e+00 -7.71605002e-15  1.07816533e-13 -1.34930261e-12\n",
      "   2.63660413e-11 -4.11405589e-10  4.07587431e-09 -2.58337818e-08\n",
      "   9.81704770e-08 -1.01508246e-07 -1.37513895e-06  1.10690488e-05\n",
      "  -4.97312345e-05  1.61528277e-04 -4.09254725e-04  7.98737191e-04\n",
      "  -1.71140438e-03  8.74692107e-03 -6.85544127e-02  4.83402388e-07]\n",
      " [-7.71605002e-15  1.00000000e+00  3.99680289e-15 -2.92751934e-14\n",
      "  -3.20048675e-13  7.37983547e-12 -4.43603934e-11 -2.14803521e-10\n",
      "   6.03435050e-09 -5.52951986e-08  3.13030162e-07 -1.21408167e-06\n",
      "   3.24241646e-06 -5.35350964e-06  1.90777652e-06  1.84749991e-05\n",
      "  -7.42764193e-05  7.92893662e-04 -1.19586382e-02  1.55089655e-07]\n",
      " [ 1.07816533e-13  3.99680289e-15  1.00000000e+00 -3.72184922e-15\n",
      "   3.53163679e-14  3.26605510e-13 -1.52910729e-11  2.70815427e-10\n",
      "  -3.12841000e-09  2.58596073e-08 -1.60003964e-07  7.64396657e-07\n",
      "  -2.88328000e-06  8.72866888e-06 -2.15037908e-05  4.15346251e-05\n",
      "  -8.88046446e-05  4.53967422e-04 -3.57345161e-03  2.49580756e-08]\n",
      " [-1.34930261e-12 -2.92751934e-14 -3.72184922e-15  1.00000000e+00\n",
      "  -3.20435952e-15  9.34390054e-14 -1.23557762e-12  5.87561663e-12\n",
      "   3.07131564e-11 -7.08093558e-10  6.12074688e-09 -3.50715094e-08\n",
      "   1.49025255e-07 -4.90818083e-07  1.28484963e-06 -2.59687561e-06\n",
      "   5.69444751e-06 -3.04682164e-05  2.50831263e-04 -1.79637538e-09]\n",
      " [ 2.63660413e-11 -3.20048675e-13  3.53163679e-14 -3.20435952e-15\n",
      "   1.00000000e+00 -7.99458156e-15  1.40801297e-13 -1.07963019e-12\n",
      "   2.67472224e-12  2.83959309e-11 -4.58146516e-10  3.96098163e-09\n",
      "  -2.43252292e-08  1.10833372e-07 -3.82284479e-07  9.79225394e-07\n",
      "  -2.50536677e-06  1.80005551e-05 -2.20929845e-04  2.62669236e-09]\n",
      " [-4.11405589e-10  7.37983547e-12  3.26605510e-13  9.34390054e-14\n",
      "  -7.99458156e-15  1.00000000e+00 -1.41944426e-15 -6.22588698e-15\n",
      "   3.50505894e-13 -6.41804266e-12  7.96521544e-11 -6.53630603e-10\n",
      "   3.63229169e-09 -1.42802017e-08  4.12675425e-08 -8.64488294e-08\n",
      "   1.86766855e-07 -8.84436947e-07  3.19773797e-06  7.26676880e-11]\n",
      " [ 4.07587431e-09 -4.43603934e-11 -1.52910729e-11 -1.23557762e-12\n",
      "   1.40801297e-13 -1.41944426e-15  1.00000000e+00 -2.47266705e-15\n",
      "   8.85335616e-14 -1.37047191e-12  1.33060417e-11 -9.84312344e-11\n",
      "   5.79298387e-10 -2.64915017e-09  9.25108950e-09 -2.38448268e-08\n",
      "   6.08616212e-08 -4.30174537e-07  4.98064872e-06 -5.15520142e-11]\n",
      " [-2.58337818e-08 -2.14803521e-10  2.70815427e-10  5.87561663e-12\n",
      "  -1.07963019e-12 -6.22588698e-15 -2.47266705e-15  1.00000000e+00\n",
      "  -3.02241642e-15  5.87362649e-14 -8.98660421e-13  7.71102627e-12\n",
      "  -4.08485212e-11  1.46418899e-10 -3.79303518e-10  7.15142264e-10\n",
      "  -1.46133605e-09  6.60092835e-09 -4.80814076e-08  6.26798483e-13]\n",
      " [ 9.81704770e-08  6.03435050e-09 -3.12841000e-09  3.07131564e-11\n",
      "   2.67472224e-12  3.50505894e-13  8.85335616e-14 -3.02241642e-15\n",
      "   1.00000000e+00  2.31201791e-15 -4.84063911e-14  2.94151732e-13\n",
      "  -2.95380576e-13 -6.46449051e-12  4.71011664e-11 -1.72842581e-10\n",
      "   5.17468379e-10 -4.47055695e-09  5.75848783e-08 -4.84183816e-13]\n",
      " [-1.01508246e-07 -5.52951986e-08  2.58596073e-08 -7.08093558e-10\n",
      "   2.83959309e-11 -6.41804266e-12 -1.37047191e-12  5.87362649e-14\n",
      "   2.31201791e-15  1.00000000e+00  3.68154677e-15 -7.34960930e-14\n",
      "   6.33663674e-13 -3.40774355e-12  1.23245734e-11 -2.98863495e-11\n",
      "   6.82765126e-11 -3.32073446e-10  1.54594718e-10  6.00591764e-14]\n",
      " [-1.37513895e-06  3.13030162e-07 -1.60003964e-07  6.12074688e-09\n",
      "  -4.58146516e-10  7.96521544e-11  1.33060417e-11 -8.98660421e-13\n",
      "  -4.84063911e-14  3.68154677e-15  1.00000000e+00 -1.49244087e-15\n",
      "   3.27550678e-14 -3.07842609e-13  1.70474982e-12 -6.06074502e-12\n",
      "   1.84010417e-11 -1.61646376e-10  1.78847819e-09  1.40722365e-14]\n",
      " [ 1.10690488e-05 -1.21408167e-06  7.64396657e-07 -3.50715094e-08\n",
      "   3.96098163e-09 -6.53630603e-10 -9.84312344e-11  7.71102627e-12\n",
      "   2.94151732e-13 -7.34960930e-14 -1.49244087e-15  1.00000000e+00\n",
      "   3.37349379e-15 -3.25751754e-14  1.81843377e-13 -6.69353162e-13\n",
      "   2.17305606e-12 -2.33564761e-11  4.94464987e-10 -1.13032462e-14]\n",
      " [-4.97312345e-05  3.24241646e-06 -2.88328000e-06  1.49025255e-07\n",
      "  -2.43252292e-08  3.63229169e-09  5.79298387e-10 -4.08485212e-11\n",
      "  -2.95380576e-13  6.33663674e-13  3.27550678e-14  3.37349379e-15\n",
      "   1.00000000e+00 -2.19797510e-15  2.02340020e-14 -1.29178020e-13\n",
      "   5.79173798e-13 -9.05324241e-12  2.67048895e-10 -8.41511315e-15]\n",
      " [ 1.61528277e-04 -5.35350964e-06  8.72866888e-06 -4.90818083e-07\n",
      "   1.10833372e-07 -1.42802017e-08 -2.64915017e-09  1.46418899e-10\n",
      "  -6.46449051e-12 -3.40774355e-12 -3.07842609e-13 -3.25751754e-14\n",
      "  -2.19797510e-15  1.00000000e+00  1.82574638e-15 -8.32942316e-15\n",
      "   2.31574297e-14  2.96811365e-14 -2.33157819e-11  1.86892063e-15]\n",
      " [-4.09254725e-04  1.90777652e-06 -2.15037908e-05  1.28484963e-06\n",
      "  -3.82284479e-07  4.12675425e-08  9.25108950e-09 -3.79303518e-10\n",
      "   4.71011664e-11  1.23245734e-11  1.70474982e-12  1.81843377e-13\n",
      "   2.02340020e-14  1.82574638e-15  1.00000000e+00  5.01019671e-16\n",
      "  -1.10092240e-14  4.21227103e-13 -2.41351414e-11  1.07173475e-15]\n",
      " [ 7.98737191e-04  1.84749991e-05  4.15346251e-05 -2.59687561e-06\n",
      "   9.79225394e-07 -8.64488294e-08 -2.38448268e-08  7.15142264e-10\n",
      "  -1.72842581e-10 -2.98863495e-11 -6.06074502e-12 -6.69353162e-13\n",
      "  -1.29178020e-13 -8.32942316e-15  5.01019671e-16  1.00000000e+00\n",
      "  -1.01599527e-15  3.64456830e-14 -1.02874137e-12  6.20079519e-17]\n",
      " [-1.71140438e-03 -7.42764193e-05 -8.88046446e-05  5.69444751e-06\n",
      "  -2.50536677e-06  1.86766855e-07  6.08616212e-08 -1.46133605e-09\n",
      "   5.17468379e-10  6.82765126e-11  1.84010417e-11  2.17305606e-12\n",
      "   5.79173798e-13  2.31574297e-14 -1.10092240e-14 -1.01599527e-15\n",
      "   1.00000000e+00 -7.22042055e-15  5.12463593e-13  5.74043027e-18]\n",
      " [ 8.74692107e-03  7.92893662e-04  4.53967422e-04 -3.04682164e-05\n",
      "   1.80005551e-05 -8.84436947e-07 -4.30174537e-07  6.60092835e-09\n",
      "  -4.47055695e-09 -3.32073446e-10 -1.61646376e-10 -2.33564761e-11\n",
      "  -9.05324241e-12  2.96811365e-14  4.21227103e-13  3.64456830e-14\n",
      "  -7.22042055e-15  1.00000000e+00 -6.51085089e-15  1.93465138e-20]\n",
      " [-6.85544127e-02 -1.19586382e-02 -3.57345161e-03  2.50831263e-04\n",
      "  -2.20929845e-04  3.19773797e-06  4.98064872e-06 -4.80814076e-08\n",
      "   5.75848783e-08  1.54594718e-10  1.78847819e-09  4.94464987e-10\n",
      "   2.67048895e-10 -2.33157819e-11 -2.41351414e-11 -1.02874137e-12\n",
      "   5.12463593e-13 -6.51085089e-15  1.00000000e+00  1.54219553e-20]\n",
      " [ 4.83402388e-07  1.55089655e-07  2.49580756e-08 -1.79637538e-09\n",
      "   2.62669236e-09  7.26676880e-11 -5.15520142e-11  6.26798483e-13\n",
      "  -4.84183816e-13  6.00591764e-14  1.40722365e-14 -1.13032462e-14\n",
      "  -8.41511315e-15  1.86892063e-15  1.07173475e-15  6.20079519e-17\n",
      "   5.74043027e-18  1.93465138e-20  1.54219553e-20  1.00000000e+00]]\n",
      "error 0.07025767039480804\n"
     ]
    }
   ],
   "source": [
    "Q, R = modified_gram_schmidt_qr(V)\n",
    "G=Q.T@Q\n",
    "error=np.linalg.norm(G-np.identity(G.shape[0]),2)\n",
    "print('Gram matrix',G)\n",
    "print('error',error)\n"
   ]
  },
  {
   "cell_type": "markdown",
   "metadata": {},
   "source": [
    "As we can see for classical Gram-schmidt algorithm, we have error muche bigger, then for modified. We can say, that modification help to avoid loss of orthogonality"
   ]
  },
  {
   "cell_type": "markdown",
   "metadata": {},
   "source": [
    "### 2. Householder QR (10 pts)\n",
    "\n",
    "* (7 pts) Implement algorithm for computing QR decomposition based on Householder reflections as a function ```householder_qr(A)``` that takes a rectangular matrix ```A``` and outputs ```Q,R```.\n",
    "\n",
    "\n",
    "* (2 pts) Apply it to the Vandermonde matrix $V$ created above. Print out the error $\\|Q^{\\top}Q-I\\|_2$, where $Q$ is given by ```householder_qr(A)```. Compare it to the corresponding results of Gram-Schmidt and modified Gram-Schmidt algorithms and comment on it. \n",
    "\n",
    "\n",
    "\n",
    "* (3 pts) For values of $n = \\{2,25,100,250,500\\}$, create a $B\\in\\mathbb{R}^{n\\times n}$ and an upper triangular matrix $R\\in\\mathbb{R}^{n\\times n}$ both filled with standard normal entries. Use ```numpy``` (or ```scipy```) built-in QR decomposition function to obtain a random orthogonal matrix $Q$ from the decomposition of $B$. Then compute $A = QR$ and apply your Gram-Schmidt and Householder algorithms to find the $Q$ and $R$ factors of $A$ – denoted as $\\hat{Q}$ and $\\hat{R}$. \n",
    "Calculate relative errors\n",
    "$$\\frac{\\|R-\\hat{R}\\|_2}{\\|R\\|_2}, \\frac{\\|Q-\\hat{Q}\\|_2}{\\|Q\\|_2}, \\frac{\\|A-\\hat{Q}\\hat{R}\\|_2}{\\|A\\|_2}$$ \n",
    "for each value of $n$ and for both algorithms. \n",
    "**Note:** scale (multiply corresponding rows/columns by -1) $Q, R,\\hat{Q},\\hat{R}$ such that diagonal elements of $R$ and $\\hat{R}$ be positive.    \n",
